Webots Project File version R2025a
perspectives: 000000ff00000000fd00000003000000000000011b00000433fc0200000001fb00000012005300630065006e0065005400720065006501000000170000043300000000000000000000000100000244000002a2fc0200000001fb0000001400540065007800740045006400690074006f00720100000015000002a20000008400ffffff000000030000078000000135fc0100000002fb0000000e0043006f006e0073006f006c006501000000000000073f0000000000000000fb0000001a0043006f006e0073006f006c00650041006c006c0041006c006c0100000000000007800000006900ffffff0000053a000002a200000004000000040000000100000008fc00000000
simulationViewPerspectives: 000000ff00000001000000020000016c000004a00100000002010000000101
sceneTreePerspectives: 000000ff00000001000000030000001e000000c0000000fa0100000002010000000201
maximizedDockId: -1
centralWidgetVisible: 1
projectionMode: PERSPECTIVE
orthographicViewHeight: 0.531441
textFiles: 0 "controllers/main/main.c"
consoles: Console:All:All
renderingDevicePerspectives: ROBOTIS OP2:Camera;0;0.86875;0;0
