Webots Project File version R2025a
perspectives: 000000ff00000000fd00000003000000000000011b00000433fc0200000001fb00000012005300630065006e006500540072006500650100000017000004330000000000000000000000010000009700000209fc0200000001fb0000001400540065007800740045006400690074006f00720100000016000002090000008800ffffff00000003000005a000000135fc0100000002fb0000000e0043006f006e0073006f006c006501000000000000073f0000000000000000fb0000001a0043006f006e0073006f006c00650041006c006c0041006c006c0100000000000005a00000006900ffffff000005070000020900000004000000040000000100000008fc00000000
simulationViewPerspectives: 000000ff000000010000000200000000000003580100000002010000000101
sceneTreePerspectives: 000000ff00000001000000030000001f000000c0000000fa0100000002010000000201
maximizedDockId: -1
centralWidgetVisible: 1
projectionMode: PERSPECTIVE
orthographicViewHeight: 0.531441
textFiles: 0 "controllers/main/main.c"
consoles: Console:All:All
renderingDevicePerspectives: ROBOTIS OP2:Camera;0;0.86875;0;0
